0 0.028125 0.28359375 0.05625 0.0859375
0 0.05859375 0.95546875 0.0828125 0.0796875
0 0.95 0.0265625 0.1 0.053125
0 0.55078125 0.3265625 0.0703125 0.06875
0 0.28359375 0.98046875 0.0671875 0.0390625
0 0.98125 0.97890625 0.0375 0.0421875
0 0.1890625 0.92578125 0.096875 0.0921875
0 0.03203125 0.8734375 0.0640625 0.075
0 0.6703125 0.17734375 0.084375 0.0828125
0 0.21875 0.82578125 0.078125 0.0765625
0 0.1515625 0.76015625 0.078125 0.0734375
0 0.690625 0.6546875 0.084375 0.078125
0 0.12734375 0.871875 0.0828125 0.078125
0 0.7640625 0.4953125 0.065625 0.0625
0 0.97578125 0.9171875 0.0484375 0.065625
0 0.15390625 0.296875 0.0703125 0.071875
0 0.521875 0.16015625 0.0875 0.0828125
0 0.61640625 0.3828125 0.0890625 0.08125
0 0.26484375 0.8765625 0.0828125 0.08125
0 0.0328125 0.5140625 0.065625 0.071875
0 0.01640625 0.76796875 0.0328125 0.0859375
0 0.18125 0.0671875 0.0625 0.059375
0 0.96015625 0.109375 0.0796875 0.08125
0 0.303125 0.03828125 0.053125 0.0515625
0 0.97734375 0.85078125 0.0453125 0.0703125
0 0.690625 0.97109375 0.075 0.0578125
0 0.7984375 0.96796875 0.078125 0.0640625
0 0.74140625 0.03046875 0.0703125 0.0609375
0 0.6015625 0.7328125 0.090625 0.09375
0 0.08203125 0.0765625 0.0734375 0.071875
0 0.63046875 0.0609375 0.0578125 0.053125
0 0.40078125 0.38984375 0.0984375 0.0984375
0 0.6578125 0.2859375 0.08125 0.078125
0 0.83984375 0.36640625 0.0765625 0.0703125
0 0.04453125 0.15390625 0.0890625 0.0953125
0 0.0171875 0.08984375 0.034375 0.0609375
0 0.08046875 0.8 0.0703125 0.06875
0 0.49296875 0.10234375 0.0640625 0.0578125
0 0.72734375 0.8875 0.0796875 0.078125
0 0.17265625 0.18359375 0.0796875 0.0734375
0 0.61015625 0.2296875 0.0671875 0.0625
0 0.02421875 0.45234375 0.0484375 0.0609375
0 0.1734375 0.609375 0.096875 0.09375
0 0.4359375 0.1328125 0.065625 0.0625
0 0.75234375 0.59375 0.0828125 0.08125
0 0.45625 0.746875 0.065625 0.059375
0 0.984375 0.37890625 0.03125 0.0734375
0 0.971875 0.52109375 0.05625 0.0796875
0 0.3578125 0.98125 0.0625 0.0375
0 0.7234375 0.30390625 0.065625 0.0640625
0 0.33828125 0.90546875 0.0734375 0.0703125
0 0.0390625 0.38671875 0.075 0.0734375
0 0.6609375 0.44296875 0.08125 0.0765625
0 0.43125 0.25390625 0.059375 0.0578125
0 0.4328125 0.95546875 0.0875 0.0765625
0 0.78984375 0.14609375 0.0734375 0.0796875
0 0.9140625 0.9859375 0.075 0.028125
0 0.11171875 0.38984375 0.0640625 0.0609375
0 0.2453125 0.0859375 0.0625 0.05
0 0.98046875 0.59140625 0.0390625 0.0640625
0 0.7703125 0.83125 0.065625 0.0625
0 0.1109375 0.13203125 0.071875 0.0703125
0 0.484375 0.8953125 0.06875 0.06875
0 0.015625 0.56875 0.03125 0.059375
0 0.2 0.71796875 0.071875 0.0671875
0 0.578125 0.5890625 0.078125 0.075
0 0.28046875 0.35546875 0.0734375 0.0703125
0 0.78984375 0.225 0.0765625 0.078125
0 0.08125 0.725 0.0625 0.053125
0 0.54140625 0.8828125 0.0609375 0.05625
0 0.2734375 0.640625 0.084375 0.08125
0 0.94609375 0.21953125 0.0734375 0.0734375
0 0.57734375 0.1140625 0.0609375 0.053125
0 0.31171875 0.19609375 0.0703125 0.0734375
0 0.9078125 0.70546875 0.078125 0.0734375
0 0.83984375 0.67734375 0.0640625 0.0578125
0 0.8125 0.8578125 0.05625 0.065625
0 0.478125 0.6359375 0.078125 0.071875
0 0.84765625 0.30234375 0.0796875 0.0703125
0 0.021875 0.63671875 0.04375 0.0546875
0 0.27578125 0.7171875 0.0921875 0.090625
0 0.021875 0.02109375 0.04375 0.0421875
0 0.72890625 0.36328125 0.0671875 0.0671875
0 0.85234375 0.6015625 0.0703125 0.06875
0 0.515625 0.68359375 0.06875 0.0609375
0 0.075 0.63515625 0.071875 0.0703125
0 0.2359375 0.265625 0.071875 0.06875
0 0.884375 0.53984375 0.09375 0.0890625
0 0.8421875 0.065625 0.065625 0.059375
0 0.88359375 0.765625 0.0734375 0.06875
0 0.14765625 0.459375 0.0796875 0.06875
0 0.1875 0.12109375 0.071875 0.0671875
0 0.8484375 0.01953125 0.084375 0.0390625
0 0.35859375 0.32734375 0.0703125 0.0609375
0 0.89140625 0.25078125 0.0703125 0.0734375
0 0.1875 0.34765625 0.065625 0.0640625
0 0.52109375 0.53125 0.0703125 0.06875
0 0.93984375 0.6328125 0.0703125 0.0625
0 0.23752741228070184 0.19709429824561409 0.05756578947368416 0.06578947368421051
0 0.28275767543859653 0.2443804824561404 0.04660087719298245 0.04523026315789473
0 0.32250548245614047 0.2765899122807018 0.04660087719298245 0.06030701754385963
0 0.3629385964912281 0.2553453947368422 0.03974780701754392 0.04523026315789473
0 0.38486842105263164 0.21559758771929832 0.03974780701754392 0.037006578947368404
0 0.43489583333333337 0.2046326754385966 0.03837719298245616 0.04523026315789473
0 0.37595942982456143 0.1477521929824562 0.04660087719298245 0.04660087719298247
0 0.23410087719298253 0.40200109649122806 0.06990131578947363 0.0726425438596491
0 0.22382127192982462 0.32935855263157904 0.027412280701754367 0.03426535087719298
0 0.3101699561403509 0.40542763157894746 0.05756578947368425 0.0520833333333333
0 0.2621984649122807 0.46436403508771934 0.049342105263157875 0.05756578947368416
0 0.1922971491228071 0.4876644736842105 0.04385964912280702 0.04385964912280702
0 0.11759868421052641 0.5130208333333334 0.04523026315789478 0.04523026315789478
0 0.07305372807017552 0.5651041666666666 0.054824561403508734 0.05071271929824563
0 0.18133223684210537 0.5397478070175439 0.04660087719298245 0.04660087719298245
0 0.2286184210526317 0.5267269736842105 0.05345394736842106 0.06441885964912278
0 0.2868695175438597 0.5712719298245614 0.041118421052631596 0.041118421052631506
0 0.31839364035087725 0.5082236842105263 0.0520833333333333 0.05482456140350882
0 0.37253289473684215 0.5130208333333334 0.047971491228070116 0.04523026315789478
0 0.3643092105263159 0.5726425438596492 0.05619517543859649 0.05482456140350882
0 0.3348410087719299 0.6507675438596492 0.049342105263157875 0.05756578947368416
0 0.3855537280701755 0.6747532894736843 0.054824561403508734 0.047971491228070116
0 0.39035087719298256 0.7240953947368421 0.05893640350877192 0.05071271929824563
0 0.3828125000000001 0.8515625 0.049342105263157875 0.03152412280701746
0 0.3992598684210527 0.9118695175438596 0.05482456140350882 0.04797149122807021
0 0.1313048245614036 0.9399671052631579 0.03152412280701746 0.03837719298245616
0 0.0381030701754387 0.6959978070175439 0.028782894736842125 0.04385964912280702
0 0.4950863486842108 0.012198464912280747 0.05733278508771962 0.024396929824561493
0 0.5712719298245614 0.01480263157894746 0.08086622807017534 0.02741228070175438
0 0.7849637113617377 0.012198464912280748 0.039499791144528194 0.024396929824561493
0 0.43421052631578955 0.319764254385965 0.03974780701754384 0.042489035087719305
0 0.47121710526315785 0.35128837719298256 0.03152412280701755 0.042489035087719305
0 0.4677905701754387 0.4191337719298246 0.0520833333333333 0.054824561403508686
0 0.5287828947368421 0.4047423245614036 0.03974780701754384 0.037006578947368404
0 0.515076754385965 0.45134320175438597 0.042489035087719354 0.03426535087719298
0 0.5561951754385965 0.49520285087719296 0.03152412280701746 0.02604166666666661
0 0.47121710526315796 0.5287828947368421 0.04523026315789469 0.041118421052631596
0 0.4753289473684211 0.5719572368421053 0.05619517543859649 0.05071271929824563
0 0.42324561403508776 0.6069078947368421 0.04797149122807021 0.04660087719298245
0 0.534950657894737 0.7501370614035088 0.05756578947368407 0.05619517543859649
0 0.524671052631579 0.9351699561403508 0.061677631578947435 0.04797149122807021
0 0.6651589912280702 0.924205043859649 0.049342105263157875 0.05071271929824572
0 0.7919407894736842 0.9152960526315788 0.04523026315789469 0.03289473684210531
0 0.7474384746588694 0.9822231359649123 0.057651072124756286 0.032428728070175515
0 0.8707510964912281 0.9221491228070174 0.05482456140350891 0.06030701754385959
0 0.855674342105263 0.8721217105263157 0.04385964912280702 0.03974780701754384
0 0.9365405701754387 0.9461348684210525 0.04111842105263168 0.042489035087719174
0 0.9057017543859649 0.8118146929824561 0.03152412280701746 0.03152412280701764
0 0.8591008771929826 0.8029057017543859 0.04523026315789469 0.041118421052631596
0 0.8844572368421051 0.6535087719298246 0.03289473684210531 0.03837719298245616
0 0.8015350877192983 0.5623629385964912 0.03974780701754384 0.03426535087719298
0 0.6658442982456141 0.5904605263157895 0.042489035087719174 0.04385964912280702
0 0.8063322368421053 0.5178179824561404 0.03837719298245616 0.04660087719298245
0 0.8522478070175439 0.47121710526315785 0.04797149122807021 0.041118421052631596
0 0.9269462719298247 0.48355263157894746 0.0630482456140351 0.05756578947368416
0 0.963952850877193 0.4602521929824562 0.03837719298245616 0.027412280701754367
0 0.9880482456140351 0.4346474095394738 0.020778508771929792 0.058439555921052835
0 0.9865679824561404 0.7042214912280701 0.02330043859649127 0.06853070175438596
0 0.933799342105263 0.3506030701754387 0.03289473684210531 0.03289473684210522
0 0.9618969298245614 0.31770833333333337 0.028782894736842125 0.030153508771929793
0 0.9880482456140351 0.22796536377708976 0.020778508771929792 0.06722458720330213
0 0.8865131578947368 0.10937500000000008 0.061677631578947255 0.06304824561403508
0 0.7336896929824561 0.17653508771929832 0.04660087719298254 0.049342105263157895
0 0.5911458333333334 0.5322094298245614 0.05208333333333322 0.04797149122807021