0 0.75546875 0.078125 0.0546875 0.05625
0 0.8890625 0.18515625 0.078125 0.0796875
0 0.80859375 0.85 0.0609375 0.053125
0 0.78046875 0.92421875 0.0828125 0.0765625
0 0.6984375 0.74453125 0.071875 0.0640625
0 0.18984375 0.71953125 0.0796875 0.0734375
0 0.0234375 0.53671875 0.046875 0.0765625
0 0.2703125 0.83359375 0.065625 0.0671875
0 0.6671875 0.50234375 0.0625 0.0546875
0 0.98359375 0.4 0.0328125 0.05
0 0.60859375 0.8390625 0.0765625 0.071875
0 0.078125 0.69609375 0.078125 0.0765625
0 0.4796875 0.38671875 0.084375 0.0765625
0 0.7765625 0.190625 0.059375 0.053125
0 0.653125 0.659375 0.06875 0.065625
0 0.97890625 0.31640625 0.0421875 0.0671875
0 0.08203125 0.46328125 0.0953125 0.0859375
0 0.05390625 0.85390625 0.0703125 0.0640625
0 0.16015625 0.434375 0.0796875 0.078125
0 0.8015625 0.3625 0.0625 0.05625
0 0.81484375 0.41640625 0.0734375 0.0765625
0 0.9 0.3265625 0.075 0.084375
0 0.72265625 0.30078125 0.0796875 0.0703125
0 0.603125 0.1078125 0.0625 0.065625
0 0.27734375 0.1078125 0.0671875 0.065625
0 0.1796875 0.5890625 0.078125 0.071875
0 0.540625 0.21875 0.075 0.071875
0 0.8375 0.73828125 0.071875 0.0671875
0 0.71796875 0.16484375 0.0640625 0.0609375
0 0.38984375 0.8171875 0.0765625 0.06875
0 0.38828125 0.96953125 0.0765625 0.0609375
0 0.6609375 0.56484375 0.084375 0.0796875
0 0.5625 0.06796875 0.065625 0.0578125
0 0.203125 0.98359375 0.071875 0.0328125
0 0.2 0.7875 0.071875 0.065625
0 0.66796875 0.86171875 0.0796875 0.0734375
0 0.11328125 0.36953125 0.0828125 0.0734375
0 0.19609375 0.32578125 0.0765625 0.0734375
0 0.71015625 0.23359375 0.0828125 0.0828125
0 0.36796875 0.65390625 0.0703125 0.0671875
0 0.32578125 0.86328125 0.0734375 0.0671875
0 0.55859375 0.71328125 0.0859375 0.0796875
0 0.1546875 0.2203125 0.078125 0.071875
0 0.76171875 0.65390625 0.0734375 0.0765625
0 0.075 0.16796875 0.090625 0.0828125
0 0.8859375 0.98046875 0.0625 0.0390625
0 0.3875 0.8921875 0.071875 0.06875
0 0.375 0.08828125 0.053125 0.0515625
0 0.5140625 0.88203125 0.059375 0.0609375
0 0.94375 0.6625 0.071875 0.0625
0 0.46953125 0.240625 0.0734375 0.065625
0 0.58125 0.28984375 0.0875 0.0796875
0 0.3796875 0.25234375 0.06875 0.0703125
0 0.75546875 0.44765625 0.0640625 0.0609375
0 0.678125 0.353125 0.071875 0.065625
0 0.47734375 0.31875 0.0734375 0.065625
0 0.09140625 0.6203125 0.0734375 0.065625
0 0.02265625 0.38515625 0.0453125 0.0578125
0 0.64453125 0.93125 0.0890625 0.08125
0 0.23203125 0.2171875 0.0640625 0.05625
0 0.08515625 0.27421875 0.0640625 0.0640625
0 0.021875 0.6796875 0.04375 0.071875
0 0.303125 0.26953125 0.06875 0.0609375
0 0.41015625 0.1859375 0.0640625 0.0625
0 0.01796875 0.278125 0.0359375 0.065625
0 0.1 0.08359375 0.096875 0.0890625
0 0.50625 0.4953125 0.071875 0.071875
0 0.32421875 0.54453125 0.0796875 0.0703125
0 0.7140625 0.90546875 0.065625 0.0671875
0 0.25 0.1640625 0.071875 0.065625
0 0.2890625 0.6765625 0.065625 0.065625
0 0.53046875 0.3515625 0.0640625 0.059375
0 0.22578125 0.40390625 0.0578125 0.0578125
0 0.83203125 0.6640625 0.0796875 0.08125
0 0.69453125 0.428125 0.0671875 0.071875
0 0.278125 0.77109375 0.08125 0.0671875
0 0.40078125 0.31953125 0.0859375 0.0828125
0 0.328125 0.3171875 0.06875 0.0625
0 0.16640625 0.6515625 0.0640625 0.05
0 0.45234375 0.87578125 0.0703125 0.0734375
0 0.9671875 0.1140625 0.053125 0.053125
0 0.10234375 0.5671875 0.0609375 0.05
0 0.609375 0.35703125 0.08125 0.0796875
0 0.36328125 0.14140625 0.0796875 0.0765625
0 0.50703125 0.171875 0.0578125 0.059375
0 0.2375 0.27109375 0.06875 0.0671875
0 0.4734375 0.95 0.06875 0.05625
0 0.65546875 0.2140625 0.0484375 0.05
0 0.9046875 0.53359375 0.059375 0.0578125
0 0.13203125 0.85 0.0578125 0.05625
0 0.3140625 0.6234375 0.075 0.065625
0 0.56640625 0.9875 0.0734375 0.025
0 0.1515625 0.02265625 0.08125 0.0453125
0 0.29765625 0.9359375 0.0640625 0.053125
0 0.95703125 0.98515625 0.0859375 0.0296875
0 0.1390625 0.290625 0.06875 0.06875
0 0.27109375 0.5875 0.0578125 0.059375
0 0.9703125 0.71015625 0.059375 0.0609375
0 0.56484375 0.6375 0.0703125 0.071875
0 0.8337445175438596 0.4787554824561404 0.05208333333333339 0.042489035087719264
0 0.8220942982456141 0.5239857456140351 0.04523026315789487 0.042489035087719264
0 0.8179824561403508 0.6007401315789475 0.03974780701754384 0.037006578947368404
0 0.8782894736842106 0.5815515350877194 0.061677631578947435 0.061677631578947345
0 0.9811951754385966 0.5734972196115289 0.03448464912280702 0.045569000626566325
0 0.9859923245614034 0.6295354864433812 0.02489035087719298 0.045255183413078194
0 0.8707510964912281 0.890625 0.04385964912280702 0.03837719298245616
0 0.9207785087719298 0.8995339912280702 0.042489035087719354 0.03700657894736832
0 0.7891995614035088 0.9742324561403508 0.042489035087719354 0.01918859649122808
0 0.5897752192982457 0.9570997807017543 0.049342105263157875 0.04797149122807021
0 0.27453399122807026 0.9776589912280702 0.04660087719298245 0.03426535087719298
0 0.1504934210526317 0.9502467105263157 0.03974780701754384 0.037006578947368494
0 0.10338660850495818 0.98359375 0.06066576086956532 0.0296875
0 0.042214912280701844 0.9625822368421051 0.05619517543859649 0.06441885964912278
0 0.0173382675438597 0.9101867080896687 0.03467653508771939 0.05008832846003912
0 0.09978070175438605 0.8049616228070174 0.05893640350877192 0.04523026315789478
0 0.047697368421052724 0.7542489035087719 0.04523026315789473 0.03426535087719298
0 0.3225054824561404 0.7885142543859649 0.027412280701754454 0.03426535087719289
0 0.34854714912280704 0.7624725877192983 0.041118421052631596 0.05071271929824563
0 0.3773300438596492 0.7364309210526315 0.04660087719298245 0.037006578947368404
0 0.4335252192982457 0.7062774122807017 0.04660087719298245 0.04523026315789469
0 0.4958881578947369 0.6404879385964912 0.06441885964912278 0.078125
0 0.43489583333333337 0.6082785087719298 0.04385964912280702 0.04660087719298245
0 0.3869243421052632 0.5767543859649122 0.041118421052631596 0.04385964912280702
0 0.2683662280701755 0.4088541666666667 0.03974780701754384 0.034265350877192936
0 0.25808662280701766 0.3629385964912281 0.03837719298245616 0.027412280701754367
0 0.24780701754385973 0.3252467105263158 0.03974780701754392 0.03974780701754384
0 0.008634868421052721 0.4588815789473684 0.01644736842105261 0.04385964912280702
0 0.017338267543859698 0.1360099467418548 0.034676535087719396 0.05052866541353398
0 0.012541118421052678 0.051270755012531546 0.025082236842105355 0.05374765037594009
0 0.18064692982456151 0.04427083333333342 0.037006578947368404 0.026041666666666664
0 0.22034489633173857 0.02179276315789478 0.07528409090909105 0.043585526315789554
0 0.26151315789473695 0.034676535087719396 0.03152412280701755 0.034265350877192985
0 0.23478618421052638 0.05866228070175448 0.035635964912280646 0.041118421052631575
0 0.1868146929824562 0.08744517543859658 0.0520833333333333 0.030153508771929828
0 0.17859100877192993 0.13336074561403516 0.04660087719298245 0.028782894736842125
0 0.12924890350877205 0.14226973684210537 0.041118421052631596 0.043859649122807
0 0.3355263157894738 0.023026315789473773 0.05071271929824563 0.04111842105263157
0 0.36773574561403516 0.3759594298245615 0.049342105263157965 0.03152412280701755
0 0.3828125000000001 0.4211896929824562 0.06853070175438596 0.0561951754385964
0 0.42324561403508776 0.4856085526315789 0.07264254385964915 0.078125
0 0.5315241228070176 0.5541392543859649 0.03700657894736832 0.04523026315789469
0 0.5527686403508772 0.5870339912280702 0.035635964912280826 0.028782894736842035
0 0.5609923245614035 0.4780701754385965 0.0630482456140351 0.07127192982456147
0 0.5767543859649124 0.4307839912280702 0.037006578947368494 0.03974780701754384
0 0.6308936403508772 0.43832236842105254 0.06304824561403492 0.07127192982456139
0 0.9468201754385965 0.43146929824561403 0.047971491228070026 0.04660087719298254
0 0.8974780701754387 0.38760964912280704 0.03426535087719298 0.03289473684210522
0 0.9810855263157894 0.22519188596491233 0.03426535087719298 0.03700657894736845
0 0.963952850877193 0.1806469298245615 0.04660087719298254 0.04385964912280702
0 0.9365405701754387 0.024396929824561493 0.07401315789473681 0.043859649122807015
0 0.6171875 0.24163925438596498 0.041118421052631506 0.03974780701754384
0 0.6507675438596492 0.27933114035087725 0.03974780701754384 0.054824561403508776
0 0.9880482456140351 0.48618530701754387 0.020778508771929792 0.05734868421052619