0 0.84765625 0.234375 0.0765625 0.078125
0 0.17734375 0.80078125 0.0984375 0.0984375
0 0.10859375 0.971875 0.0703125 0.05625
0 0.15234375 0.22578125 0.0890625 0.0828125
0 0.6078125 0.10703125 0.075 0.0671875
0 0.653125 0.1953125 0.071875 0.065625
0 0.1359375 0.90859375 0.071875 0.0671875
0 0.03828125 0.05625 0.0765625 0.078125
0 0.975 0.76953125 0.05 0.0765625
0 0.8140625 0.5125 0.078125 0.078125
0 0.52890625 0.071875 0.0703125 0.071875
0 0.96953125 0.96484375 0.0609375 0.0640625
0 0.65390625 0.59296875 0.0796875 0.0765625
0 0.17265625 0.39453125 0.0828125 0.0765625
0 0.815625 0.4328125 0.078125 0.075
0 0.01484375 0.31640625 0.0296875 0.0734375
0 0.971875 0.675 0.05625 0.0625
0 0.3109375 0.30625 0.06875 0.075
0 0.1609375 0.03125 0.075 0.0625
0 0.31328125 0.9859375 0.0640625 0.028125
0 0.2859375 0.5 0.075 0.071875
0 0.984375 0.28671875 0.03125 0.0953125
0 0.79453125 0.7296875 0.0859375 0.078125
0 0.08671875 0.16328125 0.0609375 0.0578125
0 0.071875 0.38671875 0.06875 0.0578125
0 0.63125 0.6734375 0.08125 0.075
0 0.81640625 0.0140625 0.0640625 0.028125
0 0.05234375 0.7890625 0.0734375 0.075
0 0.76875 0.04609375 0.065625 0.0671875
0 0.06015625 0.2484375 0.0640625 0.05625
0 0.6265625 0.41875 0.0875 0.0875
0 0.0671875 0.64140625 0.08125 0.0765625
0 0.31640625 0.55546875 0.0734375 0.0765625
0 0.97734375 0.1953125 0.0453125 0.053125
0 0.2453125 0.315625 0.06875 0.071875
0 0.59140625 0.2546875 0.0671875 0.06875
0 0.7046875 0.76875 0.075 0.071875
0 0.93046875 0.3546875 0.0796875 0.075
0 0.02421875 0.4890625 0.0484375 0.071875
0 0.34140625 0.2234375 0.0578125 0.0625
0 0.52734375 0.6953125 0.0765625 0.075
0 0.7765625 0.9078125 0.08125 0.075
0 0.940625 0.06796875 0.0625 0.0640625
0 0.20859375 0.125 0.0765625 0.071875
0 0.21328125 0.61171875 0.0796875 0.0765625
0 0.2109375 0.6796875 0.084375 0.08125
0 0.6234375 0.75234375 0.09375 0.0859375
0 0.6859375 0.9078125 0.078125 0.075
0 0.08203125 0.83515625 0.0640625 0.0578125
0 0.5015625 0.50625 0.078125 0.075
0 0.5078125 0.98828125 0.0625 0.0234375
0 0.6125 0.821875 0.075 0.06875
0 0.58203125 0.56640625 0.0859375 0.0859375
0 0.62734375 0.98125 0.0609375 0.0375
0 0.025 0.68125 0.05 0.05625
0 0.525 0.40390625 0.090625 0.0859375
0 0.92734375 0.4921875 0.0703125 0.071875
0 0.690625 0.96484375 0.0625 0.0515625
0 0.040625 0.98515625 0.08125 0.0296875
0 0.31953125 0.91171875 0.0671875 0.0671875
0 0.21328125 0.45859375 0.0828125 0.0796875
0 0.775 0.19609375 0.053125 0.0453125
0 0.184375 0.53125 0.065625 0.065625
0 0.3265625 0.78046875 0.06875 0.0671875
0 0.24453125 0.9421875 0.0609375 0.05
0 0.88203125 0.82734375 0.0734375 0.0609375
0 0.36640625 0.73125 0.0703125 0.06875
0 0.075 0.30078125 0.065625 0.0546875
0 0.55625 0.478125 0.06875 0.065625
0 0.3671875 0.8265625 0.065625 0.06875
0 0.74609375 0.809375 0.0671875 0.065625
0 0.328125 0.121875 0.06875 0.06875
0 0.73515625 0.9859375 0.0703125 0.028125
0 0.41875 0.88984375 0.075 0.0734375
0 0.01015625 0.40546875 0.0203125 0.0578125
0 0.93359375 0.43671875 0.0609375 0.0546875
0 0.4578125 0.4515625 0.084375 0.078125
0 0.30703125 0.84609375 0.0734375 0.0671875
0 0.49453125 0.85390625 0.0734375 0.0734375
0 0.82265625 0.9859375 0.0796875 0.028125
0 0.70625 0.51328125 0.046875 0.0515625
0 0.5515625 0.821875 0.05625 0.05625
0 0.21640625 0.0671875 0.0609375 0.059375
0 0.83984375 0.0609375 0.0703125 0.071875
0 0.03828125 0.15625 0.0546875 0.05625
0 0.53125 0.290625 0.08125 0.078125
0 0.9859375 0.56796875 0.028125 0.0578125
0 0.153125 0.64375 0.08125 0.071875
0 0.4640625 0.68046875 0.06875 0.0640625
0 0.01796875 0.6296875 0.0359375 0.05625
0 0.89453125 0.01875 0.0578125 0.0375
0 0.425 0.021875 0.05 0.04375
0 0.4421875 0.25234375 0.071875 0.0734375
0 0.9125 0.609375 0.05625 0.05625
0 0.109375 0.071875 0.059375 0.05625
0 0.88984375 0.98515625 0.0703125 0.0296875
0 0.7069627192982456 0.41091008771929827 0.03700657894736832 0.03837719298245603
0 0.08401864035087729 0.49246162280701755 0.04934210526315792 0.042489035087719354
0 0.04084429824561413 0.5418037280701754 0.042489035087719264 0.037006578947368494
0 0.07236842105263167 0.739172149122807 0.0616776315789473 0.03152412280701755
0 0.025082236842105355 0.8577302631578949 0.03837719298245616 0.04385964912280702
0 0.1820175438596492 0.9413377192982455 0.05071271929824563 0.03837719298245616
0 0.4157072368421053 0.7665844298245613 0.054824561403508734 0.05619517543859649
0 0.4787554824561404 0.7515076754385965 0.06304824561403502 0.05893640350877192
0 0.5356359649122807 0.7748081140350876 0.04523026315789469 0.04523026315789478
0 0.4396929824561404 0.8179824561403508 0.05071271929824554 0.06304824561403502
0 0.5205592105263158 0.9344846491228068 0.042489035087719354 0.035635964912280646
0 0.4445652790381126 0.9808525219298246 0.032744441923775014 0.03516995614035086
0 0.5507127192982456 0.9015899122807017 0.042489035087719354 0.035635964912280826
0 0.5699013157894737 0.8591008771929826 0.03974780701754401 0.035635964912280646
0 0.6240405701754386 0.8769188596491228 0.0630482456140351 0.049342105263157875
0 0.6288377192982456 0.9262609649122808 0.05071271929824572 0.04385964912280702
0 0.8591008771929826 0.9228344298245613 0.042489035087719354 0.03426535087719298
0 0.9200932017543859 0.9666940789473685 0.035635964912280826 0.03426535087719298
0 0.8241502192982455 0.8693804824561404 0.035635964912280646 0.03426535087719298
0 0.9104989035087719 0.7713815789473684 0.03837719298245616 0.03837719298245616
0 0.9427083333333333 0.7158717105263157 0.03700657894736832 0.028782894736842125
0 0.8728070175438596 0.6583059210526315 0.05071271929824572 0.04523026315789478
0 0.8515625 0.6966831140350876 0.04660087719298254 0.04523026315789478
0 0.7439692982456141 0.4362664473684211 0.042489035087719174 0.03152412280701746
0 0.4335252192982457 0.5287828947368421 0.05756578947368416 0.06030701754385968
0 0.35745614035087725 0.4671052631578947 0.03974780701754384 0.027412280701754367
0 0.47053179824561414 0.3800712719298246 0.04385964912280702 0.042489035087719264
0 0.3622532894736843 0.3368969298245615 0.03289473684210522 0.03837719298245612
0 0.3896655701754387 0.24575109649122817 0.030153508771929884 0.04523026315789473
0 0.4931469298245615 0.3238760964912281 0.042489035087719264 0.03426535087719298
0 0.46641995614035087 0.06757127192982465 0.06853070175438587 0.05345394736842104
0 0.33895285087719307 0.051123903508772016 0.03837719298245616 0.0424890350877193
0 0.2704221491228071 0.041529605263157986 0.04385964912280702 0.047971491228070165
0 0.33634868421052644 0.013569078947368465 0.04687500000000013 0.02713815789473693
0 0.5575099496426252 0.016310307017543903 0.03141244314489935 0.03262061403508781
0 0.609169407894737 0.013569078947368465 0.05797697368421071 0.02713815789473693
0 0.6850328947368421 0.03330592105263167 0.04523026315789487 0.037006578947368425
0 0.885827850877193 0.13678728070175447 0.06853070175438596 0.0575657894736842
0 0.954358552631579 0.14364035087719307 0.03289473684210513 0.04385964912280702
0 0.9839364035087719 0.08840460526315791 0.029002192982456165 0.056743421052631436
0 0.8988486842105263 0.27590460526315796 0.03974780701754384 0.03426535087719298
0 0.9673793859649124 0.5233004385964912 0.03152412280701764 0.04660087719298245
0 0.9894188596491228 0.4460295475530932 0.018037280701754456 0.04556786703601094
0 0.9942160087719298 0.5066977339181288 0.008442982456140414 0.040807748538012056
0 0.9955866228070175 0.8742402882205512 0.005701754385964897 0.043984962406014814
0 0.8200383771929826 0.9543585526315788 0.024671052631578937 0.03426535087719298