0 0.946875 0.0234375 0.071875 0.046875
0 0.4015625 0.96953125 0.06875 0.0609375
0 0.9796875 0.14375 0.040625 0.0625
0 0.93125 0.95859375 0.08125 0.0765625
0 0.0765625 0.2640625 0.078125 0.075
0 0.365625 0.74765625 0.075 0.0734375
0 0.33515625 0.97578125 0.0765625 0.0484375
0 0.1546875 0.9734375 0.071875 0.053125
0 0.9640625 0.80703125 0.071875 0.0765625
0 0.9265625 0.88203125 0.08125 0.0796875
0 0.01875 0.2296875 0.0375 0.0625
0 0.63125 0.5921875 0.071875 0.071875
0 0.515625 0.340625 0.075 0.071875
0 0.671875 0.9859375 0.084375 0.028125
0 0.146875 0.70546875 0.075 0.0703125
0 0.1296875 0.7734375 0.065625 0.0625
0 0.76484375 0.04453125 0.0609375 0.0671875
0 0.41171875 0.89609375 0.0765625 0.0703125
0 0.55859375 0.68046875 0.0734375 0.0703125
0 0.2890625 0.86640625 0.06875 0.0671875
0 0.62578125 0.0546875 0.0765625 0.075
0 0.5109375 0.921875 0.075 0.071875
0 0.0890625 0.1828125 0.075 0.075
0 0.57421875 0.77890625 0.0796875 0.0765625
0 0.6609375 0.303125 0.06875 0.06875
0 0.43203125 0.4953125 0.0734375 0.075
0 0.94140625 0.746875 0.0828125 0.08125
0 0.79453125 0.3234375 0.0828125 0.08125
0 0.1203125 0.1125 0.06875 0.065625
0 0.521875 0.43359375 0.078125 0.0734375
0 0.7109375 0.025 0.0625 0.05
0 0.02421875 0.70078125 0.0484375 0.0765625
0 0.465625 0.0234375 0.06875 0.046875
0 0.97265625 0.453125 0.0546875 0.065625
0 0.0515625 0.646875 0.071875 0.065625
0 0.6296875 0.69609375 0.071875 0.0703125
0 0.5828125 0.95234375 0.065625 0.0640625
0 0.21796875 0.84140625 0.0671875 0.0671875
0 0.2953125 0.465625 0.071875 0.071875
0 0.496875 0.4953125 0.065625 0.065625
0 0.30703125 0.05859375 0.0765625 0.0765625
0 0.2125 0.01953125 0.078125 0.0390625
0 0.60078125 0.3703125 0.0734375 0.06875
0 0.91171875 0.434375 0.0796875 0.075
0 0.02578125 0.315625 0.0515625 0.0625
0 0.36484375 0.36640625 0.0703125 0.0671875
0 0.01484375 0.85 0.0296875 0.078125
0 0.24765625 0.94453125 0.0640625 0.0640625
0 0.7890625 0.553125 0.075 0.071875
0 0.871875 0.49140625 0.0875 0.0859375
0 0.0140625 0.9796875 0.028125 0.040625
0 0.0390625 0.05859375 0.065625 0.0671875
0 0.44296875 0.759375 0.0703125 0.065625
0 0.515625 0.21015625 0.05625 0.0546875
0 0.91953125 0.07890625 0.0703125 0.0703125
0 0.83671875 0.09296875 0.0671875 0.0671875
0 0.71328125 0.8578125 0.0671875 0.065625
0 0.13984375 0.840625 0.0671875 0.065625
0 0.034375 0.8 0.059375 0.05
0 0.36796875 0.6125 0.0703125 0.065625
0 0.784375 0.70859375 0.071875 0.0640625
0 0.02109375 0.43828125 0.0421875 0.0640625
0 0.4453125 0.61640625 0.075 0.0703125
0 0.0171875 0.375 0.034375 0.075
0 0.21796875 0.66171875 0.0765625 0.0765625
0 0.671875 0.43828125 0.0625 0.0546875
0 0.56640625 0.1265625 0.0765625 0.071875
0 0.95546875 0.2640625 0.0640625 0.059375
0 0.7234375 0.59609375 0.075 0.0734375
0 0.2171875 0.1515625 0.08125 0.08125
0 0.41015625 0.14609375 0.0671875 0.0640625
0 0.98203125 0.63046875 0.0359375 0.0640625
0 0.2171875 0.328125 0.06875 0.0625
0 0.51015625 0.0953125 0.0671875 0.0625
0 0.0140625 0.52578125 0.028125 0.0828125
0 0.26484375 0.2203125 0.0703125 0.0625
0 0.884375 0.1859375 0.071875 0.071875
0 0.37109375 0.0359375 0.0703125 0.065625
0 0.0125 0.92109375 0.025 0.0765625
0 0.8390625 0.74453125 0.06875 0.0671875
0 0.3625 0.19921875 0.075 0.0671875
0 0.87578125 0.59140625 0.0734375 0.0671875
0 0.1 0.36875 0.071875 0.06875
0 0.17734375 0.92265625 0.0546875 0.0453125
0 0.21640625 0.4953125 0.0734375 0.06875
0 0.0921875 0.05703125 0.05625 0.0515625
0 0.47890625 0.809375 0.0703125 0.065625
0 0.029879385964912374 0.11896929824561413 0.05619517543859649 0.049342105263157895
0 0.02850877192982464 0.17653508771929832 0.04523026315789473 0.054824561403508755
0 0.1669407894736843 0.3670504385964913 0.0671600877192982 0.06030701754385963
0 0.23410087719298253 0.37664473684210525 0.06441885964912278 0.06304824561403502
0 0.18612938596491233 0.4211896929824562 0.05893640350877192 0.05893640350877187
0 0.12993421052631587 0.4931469298245615 0.0671600877192982 0.04660087719298245
0 0.15871710526315796 0.553453947368421 0.04797149122807021 0.06030701754385968
0 0.1059484649122808 0.5472861842105263 0.043859649122807064 0.04523026315789478
0 0.05180921052631589 0.5767543859649124 0.05345394736842106 0.041118421052631596
0 0.010690789473684315 0.5938870614035088 0.020559210526315798 0.03426535087719298
0 0.16351425438596498 0.6103344298245614 0.049342105263157875 0.03974780701754384
0 0.21354166666666674 0.5952576754385965 0.06990131578947371 0.05345394736842106
0 0.09772478070175447 0.8152412280701753 0.043859649122806973 0.030153508771929793
0 0.05729166666666676 0.8488212719298247 0.05345394736842102 0.061677631578947435
0 0.1107456140350878 0.8782894736842104 0.047971491228070116 0.04660087719298254
0 0.07990679824561413 0.9303728070175439 0.04385964912280702 0.04385964912280702
0 0.1265076754385966 0.9351699561403508 0.041118421052631506 0.028782894736842125
0 0.3773300438596492 0.8433388157894737 0.04660087719298245 0.05071271929824554
0 0.42256030701754393 0.8227796052631579 0.049342105263157875 0.03974780701754384
0 0.4609375000000001 0.890625 0.024671052631578937 0.027412280701754454
0 0.5548245614035088 0.8810307017543859 0.04523026315789469 0.041118421052631506
0 0.5911458333333334 0.8296326754385965 0.049342105263157875 0.03700657894736832
0 0.6391173245614036 0.9194078947368421 0.049342105263157875 0.049342105263157875
0 0.5945084064327485 0.9863349780701753 0.06454678362573096 0.024205043859649146
0 0.6946271929824561 0.9392817982456141 0.037006578947368494 0.03700657894736832
0 0.7398574561403509 0.9132401315789472 0.061677631578947435 0.05345394736842106
0 0.7355126096491229 0.9733141447368421 0.05024671052631593 0.050246710526315755
0 0.7921888264006791 0.9774259868421051 0.04473418930390487 0.04202302631578956
0 0.7617872807017544 0.8337445175438596 0.05345394736842106 0.0671600877192983
0 0.7480811403508772 0.7761787280701754 0.04523026315789487 0.042489035087719354
0 0.8090734649122808 0.8022203947368421 0.04111842105263168 0.05345394736842106
0 0.8988486842105263 0.8200383771929826 0.03974780701754384 0.042489035087719354
0 0.8323739035087719 0.6617324561403508 0.035635964912280826 0.035635964912280646
0 0.8878837719298247 0.6445997807017544 0.03426535087719298 0.03426535087719298
0 0.9399671052631579 0.6343201754385965 0.04797149122807021 0.04385964912280702
0 0.9887335526315789 0.9677323190789473 0.019407894736842124 0.047306743421052566
0 0.9612116228070174 0.5760690789473685 0.0630482456140351 0.05619517543859649
0 0.9853070175438596 0.5309247906698564 0.026260964912280648 0.07281449362041456
0 0.8008497807017545 0.6226699561403508 0.05756578947368425 0.05345394736842106
0 0.7042214912280702 0.5397478070175439 0.05893640350877192 0.04660087719298245
0 0.5431743421052632 0.5253563596491228 0.049342105263157875 0.04523026315789478
0 0.563733552631579 0.6000548245614035 0.04385964912280702 0.03837719298245616
0 0.5075383771929826 0.5863486842105263 0.041118421052631596 0.03289473684210522
0 0.5061677631578948 0.7151864035087719 0.054824561403508734 0.04660087719298245
0 0.6240405701754386 0.6445997807017544 0.05756578947368407 0.04523026315789469
0 0.3670504385964913 0.5424890350877194 0.04797149122807021 0.05756578947368416
0 0.4431195175438597 0.4362664473684211 0.04385964912280702 0.03426535087719298
0 0.5897752192982456 0.4369517543859649 0.05208333333333339 0.0520833333333333
0 0.7850877192982455 0.4636787280701754 0.05893640350877192 0.06441885964912278
0 0.8104440789473685 0.3745888157894738 0.05208333333333339 0.04797149122807021
0 0.8837719298245613 0.32730263157894746 0.05071271929824572 0.07401315789473681
0 0.9372258771929826 0.3225054824561404 0.047971491228070026 0.05619517543859649
0 0.9853070175438596 0.30642132675438605 0.026260964912280648 0.04595668859649131
0 0.9894188596491228 0.22979886239035094 0.018037280701754456 0.04622053179824559
0 0.8680098684210525 0.23478618421052638 0.049342105263157875 0.03974780701754388
0 0.8227796052631579 0.2615131578947369 0.03837719298245616 0.049342105263157875
0 0.8042763157894737 0.21080043859649128 0.061677631578947435 0.0575657894736842
0 0.7275219298245614 0.1806469298245615 0.05345394736842106 0.04111842105263157
0 0.738486842105263 0.2203947368421053 0.05345394736842106 0.04111842105263155
0 0.7425986842105263 0.2717927631578948 0.056195175438596576 0.05071271929824559
0 0.6041666666666667 0.3129111842105264 0.03974780701754401 0.037006578947368404
0 0.5644188596491229 0.2820723684210527 0.0561951754385964 0.049342105263157875
0 0.4828673245614036 0.2889254385964913 0.049342105263157965 0.043859649122806973
0 0.42530153508771934 0.295093201754386 0.06853070175438596 0.06167763157894739
0 0.32798793859649134 0.2567160087719299 0.05756578947368416 0.047971491228070165
0 0.42941337719298256 0.19777960526315796 0.05482456140350882 0.05345394736842104
0 0.47395833333333337 0.23684210526315796 0.03974780701754384 0.04385964912280702
0 0.593201754385965 0.1888706140350878 0.0561951754385964 0.054824561403508755
0 0.6055372807017544 0.2443804824561404 0.04523026315789469 0.047971491228070165
0 0.6384320175438597 0.16145833333333343 0.05071271929824572 0.054824561403508776
0 0.6617324561403509 0.12376644736842116 0.03426535087719298 0.042489035087719285
0 0.915296052631579 0.13678728070175444 0.04797149122807021 0.03837719298245614
0 0.9839364035087719 0.06899671052631581 0.029002192982456165 0.06178728070175425
0 0.5285902678994785 0.023163377192982504 0.0538392010431485 0.046326754385964994
0 0.26631030701754393 0.11965460526315796 0.05756578947368425 0.05345394736842104
0 0.37733004385964913 0.10868969298245623 0.049342105263157875 0.03426535087719299
0 0.4211896929824562 0.0531798245614036 0.041118421052631596 0.03015350877192982
0 0.24506578947368424 0.051809210526315874 0.05893640350877192 0.05482456140350876