0 0.1765625 0.85625 0.084375 0.084375
0 0.06484375 0.8484375 0.0734375 0.06875
0 0.175 0.021875 0.0875 0.04375
0 0.1859375 0.17734375 0.078125 0.0765625
0 0.971875 0.60703125 0.05625 0.0640625
0 0.44375 0.96796875 0.08125 0.0640625
0 0.0203125 0.68828125 0.040625 0.0609375
0 0.0921875 0.7765625 0.078125 0.071875
0 0.0171875 0.38359375 0.034375 0.0671875
0 0.0859375 0.97265625 0.075 0.0546875
0 0.01875 0.60078125 0.0375 0.0640625
0 0.2046875 0.09140625 0.096875 0.0890625
0 0.9046875 0.89140625 0.09375 0.0890625
0 0.3046875 0.5921875 0.08125 0.08125
0 0.54921875 0.959375 0.0734375 0.06875
0 0.87890625 0.065625 0.0796875 0.075
0 0.93515625 0.74453125 0.0890625 0.0890625
0 0.34921875 0.65703125 0.0796875 0.0859375
0 0.540625 0.33515625 0.0875 0.0859375
0 0.16796875 0.421875 0.0765625 0.075
0 0.32109375 0.271875 0.0859375 0.08125
0 0.1 0.340625 0.075 0.071875
0 0.5671875 0.87578125 0.075 0.0734375
0 0.84453125 0.7984375 0.0890625 0.0875
0 0.63671875 0.94609375 0.0765625 0.0734375
0 0.03359375 0.10078125 0.0671875 0.0734375
0 0.01796875 0.4765625 0.0359375 0.071875
0 0.81015625 0.02578125 0.0765625 0.0515625
0 0.1984375 0.353125 0.084375 0.084375
0 0.5640625 0.8015625 0.0875 0.084375
0 0.6203125 0.17109375 0.06875 0.0671875
0 0.16875 0.75390625 0.075 0.0734375
0 0.90859375 0.01484375 0.0828125 0.0296875
0 0.64140625 0.646875 0.0953125 0.09375
0 0.984375 0.2375 0.03125 0.053125
0 0.678125 0.7546875 0.06875 0.06875
0 0.11328125 0.52578125 0.0734375 0.0703125
0 0.71484375 0.97734375 0.0546875 0.0453125
0 0.06953125 0.17265625 0.0703125 0.0734375
0 0.4296875 0.378125 0.071875 0.06875
0 0.628125 0.8265625 0.071875 0.071875
0 0.2125 0.578125 0.071875 0.075
0 0.7359375 0.2125 0.075 0.075
0 0.73046875 0.8140625 0.0671875 0.06875
0 0.83828125 0.20546875 0.0546875 0.0515625
0 0.21171875 0.2609375 0.0671875 0.075
0 0.67109375 0.2484375 0.0859375 0.08125
0 0.05625 0.2859375 0.05625 0.053125
0 0.73671875 0.13125 0.0765625 0.075
0 0.9546875 0.41171875 0.06875 0.0640625
0 0.6921875 0.5875 0.078125 0.078125
0 0.971875 0.67109375 0.05625 0.0609375
0 0.07265625 0.65234375 0.0546875 0.0515625
0 0.16015625 0.9640625 0.0578125 0.05625
0 0.58515625 0.025 0.0734375 0.05
0 0.53984375 0.41171875 0.0671875 0.0640625
0 0.61015625 0.71328125 0.0671875 0.0609375
0 0.34296875 0.18203125 0.0671875 0.0703125
0 0.89140625 0.3765625 0.0703125 0.065625
0 0.91015625 0.1375 0.0765625 0.075
0 0.60078125 0.2796875 0.0640625 0.0625
0 0.9140625 0.65625 0.084375 0.08125
0 0.0109375 0.2046875 0.021875 0.06875
0 0.1859375 0.634375 0.0625 0.059375
0 0.7421875 0.93125 0.065625 0.06875
0 0.67734375 0.021875 0.0703125 0.04375
0 0.19609375 0.49921875 0.0828125 0.0796875
0 0.46640625 0.66875 0.0765625 0.071875
0 0.94375 0.5203125 0.090625 0.0875
0 0.95546875 0.27734375 0.0640625 0.0578125
0 0.35546875 0.11875 0.0765625 0.0625
0 0.74609375 0.28046875 0.0609375 0.0640625
0 0.359375 0.5203125 0.065625 0.059375
0 0.87734375 0.45078125 0.0828125 0.0796875
0 0.50859375 0.4640625 0.0796875 0.078125
0 0.26171875 0.3828125 0.0703125 0.06875
0 0.9859375 0.15 0.028125 0.071875
0 0.0875 0.46015625 0.065625 0.0640625
0 0.246875 0.75625 0.0625 0.065625
0 0.6859375 0.43046875 0.08125 0.0796875
0 0.2609375 0.0375 0.0875 0.075
0 0.90390625 0.2953125 0.0703125 0.06875
0 0.51015625 0.26796875 0.0828125 0.0765625
0 0.14921875 0.6734375 0.0578125 0.05625
0 0.61640625 0.4265625 0.0734375 0.071875
0 0.478125 0.73671875 0.071875 0.0671875
0 0.38359375 0.3296875 0.0796875 0.078125
0 0.02578125 0.325 0.0515625 0.05625
0 0.309375 0.0828125 0.06875 0.059375
0 0.52109375 0.5578125 0.0859375 0.084375
0 0.46875 0.31640625 0.0625 0.0578125
0 0.25191885964912286 0.2155975877192983 0.04797149122807021 0.05071271929824559
0 0.285498903508772 0.2203947368421053 0.054824561403508734 0.03837719298245612
0 0.2635690789473685 0.29303728070175444 0.05756578947368425 0.03837719298245616
0 0.13061951754385975 0.46847587719298245 0.04385964912280702 0.041118421052631506
0 0.016652960526315843 0.5447313596491229 0.03330592105263168 0.03463815789473701
0 0.24506578947368424 0.48081140350877194 0.03426535087719298 0.041118421052631596
0 0.2820723684210527 0.4979440789473685 0.03152412280701755 0.037006578947368404
0 0.24575109649122817 0.5253563596491228 0.049342105263157875 0.042489035087719264
0 0.3087993421052632 0.44449013157894735 0.06304824561403502 0.07264254385964915
0 0.3252467105263158 0.3807565789473685 0.024671052631578937 0.03837719298245612
0 0.373218201754386 0.4040570175438597 0.06030701754385968 0.054824561403508734
0 0.3855537280701755 0.22998903508771934 0.054824561403508734 0.0575657894736842
0 0.4438048245614036 0.22998903508771934 0.061677631578947345 0.0575657894736842
0 0.49588815789473684 0.20326206140350886 0.05893640350877183 0.03974780701754386
0 0.44723135964912286 0.1477521929824562 0.05756578947368425 0.05208333333333333
0 0.4198190789473685 0.08881578947368429 0.0630482456140351 0.04385964912280701
0 0.35197368421052644 0.044956140350877284 0.05619517543859649 0.049342105263157895
0 0.4671052631578948 0.03399122807017553 0.0561951754385964 0.0575657894736842
0 0.5568804824561403 0.1498081140350878 0.054824561403508734 0.05893640350877192
0 0.6247258771929824 0.08813048245614044 0.061677631578947435 0.05345394736842105
0 0.6665296052631579 0.12856359649122817 0.05756578947368425 0.06304824561403508
0 0.8207236842105263 0.280701754385965 0.05893640350877192 0.06578947368421054
0 0.8782894736842106 0.2436951754385966 0.06441885964912278 0.03289473684210527
0 0.6082785087719298 0.35540021929824567 0.05893640350877192 0.05345394736842106
0 0.7556195175438596 0.40131578947368424 0.049342105263157875 0.05756578947368411
0 0.8282620614035089 0.43763706140350883 0.035635964912280646 0.03426535087719298
0 0.9351699561403508 0.3499177631578948 0.05208333333333322 0.047971491228070165
0 0.7368695175438598 0.009457236842105308 0.052960526315789735 0.018914473684210616
0 0.7638432017543859 0.042214912280701844 0.035635964912280826 0.03837719298245614
0 0.21080043859649128 0.954358552631579 0.05893640350877192 0.05071271929824554
0 0.26768092105263164 0.924205043859649 0.05482456140350882 0.05345394736842106
0 0.30537280701754393 0.8947368421052632 0.042489035087719354 0.03837719298245616
0 0.3711622807017544 0.8748629385964911 0.037006578947368404 0.03700657894736832
0 0.38623903508771934 0.7364309210526315 0.04797149122807021 0.04523026315789478
0 0.42256030701754393 0.7049067982456141 0.035635964912280646 0.03426535087719298
0 0.4246162280701755 0.6281524122807017 0.028782894736842125 0.047971491228070116
0 0.45339912280701766 0.5411184210526316 0.04523026315789478 0.04385964912280702
0 0.44928728070175444 0.4677905701754385 0.042489035087719264 0.05071271929824563
0 0.5822368421052632 0.5260416666666666 0.06441885964912294 0.08497807017543861
0 0.5760690789473684 0.4602521929824562 0.054824561403508734 0.04660087719298245
0 0.6384320175438597 0.5219298245614035 0.03974780701754401 0.041118421052631506
0 0.7275219298245614 0.534265350877193 0.03700657894736832 0.049342105263157875
0 0.7658991228070176 0.5150767543859649 0.05345394736842106 0.04660087719298245
0 0.8248355263157896 0.49862938596491235 0.05893640350877192 0.05482456140350882
0 0.7768640350877194 0.578125 0.06990131578947363 0.054824561403508734
0 0.8090734649122808 0.6350054824561404 0.054824561403508734 0.061677631578947345
0 0.7631578947368421 0.6781798245614035 0.08360745614035103 0.06030701754385968
0 0.7357456140350878 0.734375 0.05345394736842106 0.049342105263157875
0 0.8214089912280702 0.7220394736842104 0.06853070175438596 0.06578947368421054
0 0.7871436403508771 0.7624725877192982 0.054824561403508734 0.05345394736842106
0 0.7741228070175439 0.8666392543859649 0.05893640350877192 0.03974780701754384
0 0.7014802631578947 0.9146107456140349 0.05893640350877192 0.04523026315789469
0 0.6720120614035088 0.8755482456140351 0.04660087719298236 0.03837719298245616
0 0.631578947368421 0.7713815789473684 0.05071271929824554 0.04385964912280702
0 0.554139254385965 0.7357456140350876 0.054824561403508734 0.049342105263157875
0 0.8796600877192983 0.8433388157894737 0.03974780701754384 0.03426535087719298
0 0.4979440789473685 0.8529331140350876 0.0520833333333333 0.04797149122807021
0 0.4876644736842106 0.7891995614035088 0.05071271929824563 0.05756578947368425
0 0.5 0.933799342105263 0.037006578947368404 0.04523026315789469
0 0.3787006578947369 0.943393640350877 0.05756578947368425 0.047971491228070026
0 0.34355096300533966 0.9842790570175438 0.06402078565980193 0.02831688596491233
0 0.27195804308565547 0.987705592105263 0.04419020897832837 0.021463815789473806
0 0.3355263157894738 0.709703947368421 0.047971491228070116 0.05756578947368416
0 0.2923519736842106 0.13404605263157904 0.0630482456140351 0.06030701754385963
0 0.7802905701754386 0.18338815789473692 0.03837719298245599 0.05208333333333335
0 0.8049616228070174 0.1648848684210527 0.03289473684210531 0.026041666666666675
0 0.9296875 0.45339912280701744 0.041118421052631506 0.04660087719298245
0 0.9783442982456141 0.45545504385964913 0.03974780701754384 0.05893640350877192
0 0.9880482456140351 0.5048365542763158 0.020778508771929792 0.048050301535087846
0 0.9901041666666668 0.7421094804318489 0.016666666666666607 0.05384615384615392
0 0.9233647520242917 0.9904468201754385 0.05040274966261826 0.01598135964912295
0 0.9742187500000001 0.993188048245614 0.031496710526316106 0.010498903508771917
0 0.016652960526315843 0.2685718201754387 0.03330592105263168 0.03330592105263168