0 0.8578125 0.2328125 0.078125 0.071875
0 0.80625 0.01875 0.05625 0.0375
0 0.98125 0.15390625 0.0375 0.0671875
0 0.759375 0.96171875 0.090625 0.0765625
0 0.05546875 0.61875 0.0734375 0.075
0 0.5140625 0.31328125 0.06875 0.0703125
0 0.71015625 0.078125 0.0765625 0.071875
0 0.184375 0.259375 0.08125 0.078125
0 0.621875 0.22890625 0.075 0.0734375
0 0.584375 0.12578125 0.078125 0.0703125
0 0.690625 0.759375 0.090625 0.084375
0 0.090625 0.46328125 0.06875 0.0703125
0 0.53203125 0.94296875 0.0765625 0.0734375
0 0.50625 0.43671875 0.0625 0.0671875
0 0.88125 0.1515625 0.075 0.059375
0 0.29609375 0.875 0.0765625 0.071875
0 0.1265625 0.03515625 0.06875 0.0578125
0 0.63671875 0.078125 0.0671875 0.0625
0 0.61640625 0.9484375 0.0703125 0.06875
0 0.58984375 0.403125 0.0578125 0.05625
0 0.378125 0.184375 0.065625 0.059375
0 0.0984375 0.81875 0.06875 0.065625
0 0.63125 0.015625 0.08125 0.03125
0 0.09296875 0.23125 0.0671875 0.065625
0 0.80234375 0.88125 0.0765625 0.06875
0 0.12421875 0.6046875 0.0734375 0.06875
0 0.2046875 0.79453125 0.078125 0.0703125
0 0.7859375 0.17421875 0.053125 0.0515625
0 0.22734375 0.88359375 0.0671875 0.0609375
0 0.35625 0.81796875 0.090625 0.0859375
0 0.21875 0.63984375 0.078125 0.0734375
0 0.77421875 0.5453125 0.0703125 0.065625
0 0.77421875 0.2828125 0.0640625 0.065625
0 0.14140625 0.18359375 0.0671875 0.0578125
0 0.97578125 0.94765625 0.0484375 0.0734375
0 0.3171875 0.02109375 0.065625 0.0421875
0 0.8671875 0.521875 0.078125 0.075
0 0.27265625 0.80546875 0.0703125 0.0671875
0 0.4625 0.90390625 0.071875 0.0640625
0 0.14140625 0.696875 0.0515625 0.053125
0 0.25625 0.02734375 0.071875 0.0546875
0 0.1421875 0.959375 0.065625 0.05625
0 0.19296875 0.04296875 0.0765625 0.0703125
0 0.31640625 0.3625 0.0828125 0.078125
0 0.6609375 0.86015625 0.0625 0.0578125
0 0.3953125 0.6296875 0.096875 0.09375
0 0.51796875 0.15078125 0.0671875 0.0546875
0 0.709375 0.4765625 0.071875 0.06875
0 0.25390625 0.465625 0.0671875 0.065625
0 0.528125 0.8296875 0.065625 0.065625
0 0.25859375 0.24609375 0.0671875 0.0640625
0 0.3375 0.7234375 0.08125 0.08125
0 0.05078125 0.51796875 0.0796875 0.0734375
0 0.26875 0.5890625 0.078125 0.071875
0 0.1484375 0.8671875 0.065625 0.0625
0 0.75703125 0.8046875 0.0828125 0.078125
0 0.56015625 0.2609375 0.0609375 0.0625
0 0.35546875 0.46328125 0.0765625 0.0734375
0 0.275 0.296875 0.0625 0.05625
0 0.60390625 0.76171875 0.0734375 0.0703125
0 0.6671875 0.915625 0.071875 0.071875
0 0.7 0.30546875 0.06875 0.0640625
0 0.38828125 0.52578125 0.0796875 0.0734375
0 0.8953125 0.33125 0.065625 0.06875
0 0.62734375 0.6578125 0.0796875 0.08125
0 0.72734375 0.26171875 0.0546875 0.0515625
0 0.74453125 0.20546875 0.0609375 0.0578125
0 0.68125 0.20078125 0.05625 0.0546875
0 0.30703125 0.52109375 0.0640625 0.0609375
0 0.10625 0.3578125 0.09375 0.0875
0 0.87265625 0.434375 0.0671875 0.0625
0 0.37265625 0.40390625 0.0703125 0.0640625
0 0.77265625 0.38125 0.0765625 0.06875
0 0.41171875 0.975 0.0671875 0.05
0 0.546875 0.74765625 0.0625 0.0640625
0 0.47109375 0.6734375 0.0859375 0.075
0 0.34609375 0.11015625 0.0859375 0.0734375
0 0.23125 0.13046875 0.065625 0.0609375
0 0.15546875 0.5390625 0.0515625 0.053125
0 0.01484375 0.76796875 0.0296875 0.0640625
0 0.6125 0.89375 0.05625 0.05
0 0.97578125 0.6296875 0.0484375 0.08125
0 0.3359375 0.2421875 0.065625 0.065625
0 0.77265625 0.73515625 0.0734375 0.0671875
0 0.54921875 0.64609375 0.0828125 0.0828125
0 0.51953125 0.21328125 0.0640625 0.0640625
0 0.66796875 0.26015625 0.0578125 0.0515625
0 0.878125 0.9453125 0.08125 0.078125
0 0.984375 0.2421875 0.03125 0.065625
0 0.034375 0.32421875 0.0625 0.0609375
0 0.95859375 0.50234375 0.0609375 0.0609375
0 0.1671875 0.1140625 0.071875 0.06875
0 0.03828125 0.83046875 0.0578125 0.0578125
0 0.80390625 0.33046875 0.0671875 0.0609375
0 0.70625 0.36015625 0.071875 0.0640625
0 0.40703125 0.71875 0.0734375 0.071875
0 0.2109375 0.70546875 0.078125 0.0703125
0 0.27734375 0.68515625 0.0671875 0.0640625
0 0.846875 0.36953125 0.0625 0.0578125
0 0.024876644736842143 0.03518218053579899 0.0497532894736843 0.05244265647226185
0 0.07510964912280708 0.1278782894736843 0.06990131578947367 0.047971491228070165
0 0.01185581140350882 0.18988715277777796 0.023711622807017642 0.05137518274853823
0 0.019599780701754478 0.2505482456140352 0.03837719298245612 0.054824561403508776
0 0.048382675438596576 0.38760964912280704 0.04385964912280702 0.03837719298245612
0 0.016652960526315843 0.3703947368421054 0.03330592105263168 0.053289473684210754
0 0.019394188596491273 0.43451891447368424 0.03878837719298253 0.058182565789473895
0 0.09635416666666678 0.524671052631579 0.03837719298245616 0.04385964912280702
0 0.024396929824561497 0.8755482456140351 0.03700657894736845 0.030153508771929793
0 0.047012061403508866 0.9180372807017545 0.06030701754385968 0.04660087719298236
0 0.07168311403508783 0.9529879385964911 0.03289473684210527 0.03426535087719298
0 0.2341008771929825 0.9228344298245613 0.05619517543859649 0.020559210526315753
0 0.41022478070175444 0.8700657894736843 0.0630482456140351 0.06853070175438596
0 0.39857456140350883 0.7700109649122806 0.04523026315789469 0.035635964912280736
0 0.42530153508771934 0.8131853070175439 0.05208333333333339 0.053453947368420976
0 0.47464364035087725 0.787828947368421 0.06304824561403519 0.06304824561403502
0 0.8125 0.8008497807017543 0.028782894736842125 0.03974780701754375
0 0.8892543859649124 0.8111293859649124 0.061677631578947435 0.06030701754385968
0 0.9276315789473685 0.8981633771929823 0.05071271929824572 0.03974780701754384
0 0.9399671052631579 0.9708059210526315 0.05345394736842106 0.03974780701754384
0 0.9057573851909186 0.988390899122807 0.05082398090815303 0.020093201754385958
0 0.9516173245614035 0.8584155701754386 0.04385964912280702 0.05071271929824554
0 0.9646381578947368 0.7967379385964912 0.061677631578947255 0.07264254385964915
0 0.9084429824561404 0.7576754385964912 0.05071271929824572 0.049342105263157875
0 0.9577850877192983 0.7350603070175439 0.05345394736842106 0.03152412280701746
0 0.9825657894736842 0.6959395559210526 0.031743421052631504 0.04100191885964914
0 0.9290021929824561 0.700109649122807 0.061677631578947255 0.0520833333333333
0 0.9139254385964911 0.6391173245614035 0.061677631578947435 0.0671600877192983
0 0.9516173245614035 0.5705866228070176 0.04660087719298236 0.04797149122807021
0 0.9886239035087719 0.5644188596491228 0.01918859649122808 0.054824561403508734
0 0.8556743421052632 0.6672149122807017 0.049342105263157875 0.049342105263157875
0 0.8125 0.6432291666666666 0.05071271929824554 0.04523026315789478
0 0.8097587719298247 0.5952576754385965 0.03700657894736832 0.03426535087719298
0 0.7535635964912281 0.5973135964912281 0.053453947368420886 0.041118421052631596
0 0.7501370614035088 0.6528234649122806 0.05756578947368425 0.05619517543859649
0 0.7042214912280702 0.5507127192982455 0.05071271929824554 0.0520833333333333
0 0.6576206140350878 0.5315241228070176 0.061677631578947435 0.054824561403508734
0 0.592516447368421 0.5568804824561404 0.07127192982456129 0.05619517543859649
0 0.5226151315789475 0.5760690789473684 0.049342105263157875 0.05071271929824554
0 0.4547697368421053 0.573327850877193 0.05345394736842106 0.04523026315789469
0 0.21148574561403516 0.5623629385964912 0.0520833333333333 0.03426535087719298
0 0.2985197368421053 0.47738486842105254 0.04797149122807021 0.05071271929824563
0 0.3087993421052632 0.4280427631578947 0.04660087719298245 0.037006578947368404
0 0.24506578947368424 0.34580592105263164 0.05345394736842106 0.061677631578947345
0 0.12513706140350886 0.29029605263157904 0.06578947368421054 0.04385964912280702
0 0.39720394736842113 0.28481359649122817 0.061677631578947345 0.0575657894736842
0 0.42050438596491235 0.23273026315789477 0.042489035087719354 0.04111842105263155
0 0.4129660087719299 0.358826754385965 0.049342105263157875 0.049342105263157875
0 0.4273574561403509 0.41433662280701755 0.05345394736842106 0.03974780701754379
0 0.5890899122807018 0.44449013157894746 0.028782894736841945 0.02330043859649118
0 0.6254111842105263 0.4821820175438597 0.07127192982456129 0.054824561403508734
0 0.670641447368421 0.43558114035087725 0.030153508771929793 0.035635964912280736
0 0.748766447368421 0.43146929824561403 0.041118421052631506 0.03837719298245616
0 0.808388157894737 0.45751096491228066 0.03426535087719298 0.041118421052631596
0 0.9853070175438596 0.44565972222222217 0.026260964912280648 0.06127558479532151
0 0.9853070175438596 0.37063622598162066 0.026260964912280648 0.05377245196324125
0 0.9372258771929826 0.3005756578947369 0.05893640350877192 0.04523026315789473
0 0.9825657894736842 0.09769051535087732 0.031743421052631504 0.039679276315789526
0 0.5760690789473685 0.026452850877193075 0.06030701754385959 0.04523026315789473
0 0.6850328947368421 0.025767543859649217 0.05893640350877192 0.041118421052631575
0 0.49451754385964913 0.0531798245614036 0.037006578947368404 0.0356359649122807
0 0.4512918037280704 0.010142543859649166 0.051980537280701976 0.02028508771929834
0 0.4362664473684211 0.07373903508771938 0.0520833333333333 0.04111842105263157
0 0.40268640350877194 0.12445175438596498 0.05071271929824563 0.060307017543859656
0 0.45819627192982465 0.14843750000000008 0.03837719298245608 0.05071271929824561
0 0.2574013157894738 0.1785910087719299 0.042489035087719264 0.042489035087719305
0 0.21217105263157904 0.20257675438596498 0.04797149122807021 0.03837719298245614
0 0.16762609649122812 0.5952576754385965 0.04660087719298245 0.04797149122807021
0 0.33895285087719307 0.573327850877193 0.07401315789473681 0.061677631578947435