0 0.18125 0.6796875 0.078125 0.071875
0 0.35546875 0.9359375 0.0703125 0.065625
0 0.2390625 0.88671875 0.075 0.0734375
0 0.9046875 0.79609375 0.05625 0.0578125
0 0.05859375 0.87265625 0.0546875 0.0546875
0 0.6953125 0.90703125 0.05625 0.0546875
0 0.225 0.7515625 0.090625 0.0875
0 0.16640625 0.93359375 0.0765625 0.0703125
0 0.88046875 0.21484375 0.0734375 0.0765625
0 0.60546875 0.865625 0.0765625 0.06875
0 0.80625 0.8640625 0.071875 0.075
0 0.5984375 0.20390625 0.065625 0.0640625
0 0.1296875 0.53203125 0.08125 0.0828125
0 0.484375 0.0828125 0.06875 0.0625
0 0.56328125 0.971875 0.0703125 0.05625
0 0.6296875 0.69140625 0.075 0.0703125
0 0.20859375 0.27734375 0.0484375 0.0484375
0 0.25234375 0.02578125 0.0671875 0.0515625
0 0.07109375 0.028125 0.0671875 0.05625
0 0.0484375 0.20859375 0.06875 0.0671875
0 0.9609375 0.8875 0.05625 0.05625
0 0.33828125 0.7375 0.0765625 0.078125
0 0.0921875 0.93046875 0.084375 0.0796875
0 0.528125 0.7609375 0.08125 0.078125
0 0.5390625 0.915625 0.075 0.06875
0 0.628125 0.7953125 0.075 0.071875
0 0.69765625 0.7921875 0.0703125 0.06875
0 0.0421875 0.978125 0.071875 0.04375
0 0.94921875 0.984375 0.0640625 0.03125
0 0.97421875 0.20234375 0.0515625 0.0640625
0 0.73671875 0.01875 0.0609375 0.0375
0 0.684375 0.24765625 0.071875 0.0734375
0 0.2796875 0.584375 0.071875 0.078125
0 0.79453125 0.9375 0.0703125 0.078125
0 0.71796875 0.62421875 0.0671875 0.0640625
0 0.05546875 0.690625 0.0828125 0.078125
0 0.109375 0.38203125 0.065625 0.0640625
0 0.31328125 0.153125 0.0703125 0.071875
0 0.04453125 0.76328125 0.0703125 0.0671875
0 0.17109375 0.178125 0.0640625 0.053125
0 0.77109375 0.225 0.0765625 0.075
0 0.27265625 0.21328125 0.0609375 0.0609375
0 0.0421875 0.334375 0.0625 0.059375
0 0.54296875 0.328125 0.0609375 0.059375
0 0.678125 0.1265625 0.08125 0.08125
0 0.025 0.51875 0.05 0.078125
0 0.81875 0.7421875 0.065625 0.065625
0 0.4046875 0.66328125 0.078125 0.0796875
0 0.35546875 0.328125 0.0703125 0.0625
0 0.08203125 0.2671875 0.0734375 0.065625
0 0.71875 0.68359375 0.065625 0.0640625
0 0.4125 0.5515625 0.06875 0.065625
0 0.04765625 0.11328125 0.0609375 0.0578125
0 0.515625 0.64765625 0.071875 0.0703125
0 0.778125 0.13359375 0.08125 0.0796875
0 0.453125 0.98359375 0.059375 0.0328125
0 0.94375 0.36171875 0.075 0.0734375
0 0.290625 0.8109375 0.078125 0.075
0 0.59140625 0.45625 0.0671875 0.06875
0 0.13203125 0.9890625 0.0859375 0.021875
0 0.02265625 0.0515625 0.0453125 0.05625
0 0.4765625 0.26640625 0.046875 0.0484375
0 0.9828125 0.475 0.034375 0.078125
0 0.9546875 0.1265625 0.06875 0.05625
0 0.78984375 0.48125 0.0734375 0.078125
0 0.5578125 0.6109375 0.065625 0.059375
0 0.2015625 0.39609375 0.059375 0.0578125
0 0.2640625 0.98046875 0.059375 0.0390625
0 0.59765625 0.3203125 0.0703125 0.06875
0 0.4609375 0.771875 0.0625 0.059375
0 0.415625 0.81875 0.075 0.075
0 0.4703125 0.8859375 0.065625 0.059375
0 0.6578125 0.0265625 0.059375 0.053125
0 0.64921875 0.4953125 0.0671875 0.065625
0 0.24453125 0.52265625 0.0703125 0.0671875
0 0.28671875 0.371875 0.0578125 0.05625
0 0.9859375 0.59921875 0.028125 0.0703125
0 0.04453125 0.4578125 0.0640625 0.065625
0 0.47890625 0.8359375 0.0703125 0.0625
0 0.63359375 0.38046875 0.0765625 0.0703125
0 0.3359375 0.67578125 0.065625 0.0671875
0 0.73359375 0.36796875 0.0765625 0.0765625
0 0.66328125 0.43828125 0.0734375 0.0703125
0 0.34453125 0.8734375 0.0671875 0.065625
0 0.7421875 0.74140625 0.06875 0.0671875
0 0.08828125 0.63203125 0.0703125 0.0703125
0 0.65859375 0.31171875 0.0671875 0.0671875
0 0.15859375 0.33671875 0.0515625 0.0515625
0 0.10234375 0.32109375 0.0640625 0.0640625
0 0.88046875 0.41484375 0.0703125 0.0703125
0 0.88984375 0.52890625 0.0703125 0.0671875
0 0.79296875 0.05234375 0.0609375 0.0671875
0 0.01484375 0.89375 0.0296875 0.04375
0 0.2484375 0.43984375 0.071875 0.0703125
0 0.82109375 0.41953125 0.0703125 0.0703125
0 0.54609375 0.70078125 0.0640625 0.0609375
0 0.4015625 0.3578125 0.05625 0.05625
0 0.21328125 0.34375 0.0546875 0.05
0 0.12171052631578956 0.05043859649122816 0.042489035087719354 0.03837719298245614
0 0.027610258284600564 0.012198464912280748 0.03795077972709564 0.024396929824561493
0 0.1669407894736843 0.09498355263157902 0.037006578947368404 0.045230263157894725
0 0.23135964912280707 0.08607456140350886 0.05071271929824563 0.04934210526315789
0 0.2813870614035089 0.10320723684210535 0.06030701754385968 0.05345394736842104
0 0.3355263157894738 0.08813048245614044 0.05619517543859649 0.06716008771929824
0 0.3807565789473685 0.06277412280701763 0.03974780701754384 0.04660087719298246
0 0.3180599256292907 0.030016447368421094 0.06786327231121292 0.06003289473684219
0 0.22176535087719307 0.14295504385964922 0.078125 0.05619517543859649
0 0.39651864035087725 0.10868969298245623 0.05756578947368416 0.05619517543859649
0 0.44311951754385975 0.13199013157894743 0.035635964912280736 0.042489035087719285
0 0.5102796052631579 0.1408991228070176 0.06853070175438587 0.07949561403508772
0 0.5699013157894737 0.13952850877192993 0.05345394736842106 0.06304824561403508
0 0.6240405701754386 0.14912280701754393 0.05208333333333339 0.054824561403508776
0 0.6891447368421053 0.1922971491228071 0.04797149122807021 0.04523026315789473
0 0.6541940789473685 0.06414473684210535 0.049342105263157875 0.03015350877192982
0 0.7007949561403509 0.046326754385965 0.04385964912280702 0.04660087719298246
0 0.7501370614035088 0.08264802631578956 0.054824561403508734 0.04523026315789473
0 0.5265774521531101 0.014254385964912325 0.07645534290271146 0.02850877192982465
0 0.8577302631578947 0.07099780701754395 0.06990131578947363 0.06030701754385963
0 0.8618421052631579 0.14569627192982465 0.0671600877192983 0.05619517543859649
0 0.8748629385964912 0.29989035087719307 0.041118421052631506 0.03015350877192984
0 0.8234649122807017 0.2745339912280702 0.05893640350877192 0.047971491228070165
0 0.7775493421052632 0.3046875000000001 0.049342105263157875 0.047971491228070165
0 0.7268366228070176 0.25466008771929827 0.035635964912280646 0.03015350877192984
0 0.7103892543859649 0.2971491228070176 0.03837719298245616 0.04385964912280702
0 0.7926260964912281 0.35814144736842113 0.04660087719298254 0.047971491228070165
0 0.8399122807017545 0.36842105263157904 0.042489035087719354 0.04660087719298249
0 0.8871984649122808 0.3478618421052632 0.04385964912280702 0.049342105263157875
0 0.9427083333333334 0.41365131578947373 0.04797149122807021 0.05756578947368411
0 0.9399671052631579 0.4698464912280702 0.056195175438596576 0.0520833333333333
0 0.9392817982456141 0.5383771929824561 0.035635964912280826 0.03837719298245608
0 0.8508771929824561 0.48697916666666663 0.05345394736842106 0.05071271929824563
0 0.944078947368421 0.5849780701754386 0.05893640350877192 0.05482456140350882
0 0.9846217105263158 0.381374601275917 0.027631578947368497 0.06154306220095669
0 0.8591008771929826 0.8282620614035088 0.0561951754385964 0.061677631578947255
0 0.8885690789473685 0.8734923245614035 0.03837719298245616 0.028782894736842125
0 0.9214638157894737 0.9200932017543859 0.054824561403508734 0.056195175438596576
0 0.8810307017543859 0.9598410087719298 0.042489035087719174 0.04523026315789469
0 0.7597313596491229 0.8412828947368421 0.035635964912280646 0.035635964912280646
0 0.8748629385964911 0.6096491228070174 0.04385964912280702 0.03289473684210522
0 0.6212993421052632 0.5664747807017544 0.05208333333333322 0.05071271929824554
0 0.6857182017543859 0.5513980263157895 0.06030701754385959 0.05071271929824554
0 0.715186403508772 0.5054824561403508 0.04523026315789469 0.04385964912280702
0 0.7213541666666666 0.45065789473684215 0.049342105263157875 0.041118421052631596
0 0.5959429824561403 0.5219298245614035 0.04523026315789469 0.041118421052631506
0 0.48012609649122817 0.9385964912280702 0.0630482456140351 0.03837719298245599
0 0.4006304824561404 0.9701206140350876 0.041118421052631506 0.030153508771929793
0 0.40200109649122806 0.9091282894736843 0.0520833333333333 0.05071271929824572
0 0.30468750000000006 0.96875 0.035635964912280736 0.041118421052631506
0 0.2430098684210527 0.6651589912280702 0.041118421052631596 0.042489035087719264
0 0.2745339912280702 0.7007949561403508 0.04385964912280702 0.0561951754385964
0 0.21696820175438605 0.5788103070175439 0.054824561403508734 0.04523026315789469
0 0.024396929824561497 0.6384320175438596 0.04523026315789473 0.049342105263157965
0 0.0682565789473685 0.5383771929824561 0.04523026315789469 0.0630482456140351
0 0.09498355263157905 0.4671052631578947 0.05208333333333335 0.049342105263157965
0 0.07236842105263168 0.4184484649122807 0.03152412280701755 0.028782894736842125
0 0.014802631578947456 0.43283991228070173 0.023300438596491224 0.04660087719298245
0 0.1532346491228071 0.3985745614035088 0.03426535087719298 0.03837719298245608
0 0.19983552631578955 0.46504934210526316 0.042489035087719354 0.037006578947368404
0 0.30400219298245623 0.4198190789473684 0.047971491228070116 0.047971491228070165
0 0.4061129385964913 0.40816885964912275 0.049342105263157875 0.03837719298245608
0 0.3787006578947369 0.4616228070175438 0.06578947368421044 0.06578947368421054
0 0.48012609649122817 0.4876644736842105 0.0630482456140351 0.054824561403508734
0 0.4602521929824562 0.5308388157894737 0.04523026315789478 0.03426535087719298
0 0.4657346491228071 0.6021107456140351 0.061677631578947435 0.05893640350877192
0 0.5424890350877194 0.49588815789473684 0.061677631578947255 0.07675438596491224
0 0.4931469298245615 0.4246162280701755 0.04797149122807021 0.04660087719298245
0 0.543859649122807 0.41639254385964913 0.05071271929824554 0.043859649122806973
0 0.9907894736842107 0.6925781250000002 0.015296052631578938 0.07265625000000027