0 0.26640625 0.9671875 0.0921875 0.065625
0 0.15 0.33515625 0.075 0.0734375
0 0.0546875 0.43203125 0.06875 0.0671875
0 0.3078125 0.83359375 0.0875 0.0859375
0 0.0875 0.80390625 0.084375 0.0796875
0 0.96875 0.98203125 0.0625 0.0359375
0 0.0515625 0.20625 0.078125 0.075
0 0.3390625 0.246875 0.071875 0.065625
0 0.35 0.06328125 0.078125 0.0703125
0 0.02578125 0.7453125 0.0515625 0.071875
0 0.15546875 0.49375 0.0703125 0.065625
0 0.9703125 0.10234375 0.059375 0.0734375
0 0.5265625 0.18359375 0.071875 0.0640625
0 0.58359375 0.69921875 0.0734375 0.0703125
0 0.49375 0.2515625 0.059375 0.053125
0 0.096875 0.015625 0.08125 0.03125
0 0.6578125 0.16640625 0.0625 0.0578125
0 0.0625 0.51953125 0.08125 0.0828125
0 0.66328125 0.02421875 0.0890625 0.0484375
0 0.45390625 0.32890625 0.0546875 0.0515625
0 0.97109375 0.01953125 0.0578125 0.0390625
0 0.24140625 0.1375 0.0765625 0.06875
0 0.48046875 0.85625 0.0796875 0.075
0 0.384375 0.0203125 0.065625 0.040625
0 0.02265625 0.14921875 0.0453125 0.0609375
0 0.26640625 0.465625 0.0734375 0.075
0 0.4921875 0.02265625 0.06875 0.0453125
0 0.34140625 0.9421875 0.0734375 0.06875
0 0.1171875 0.62734375 0.078125 0.0765625
0 0.3953125 0.90078125 0.08125 0.0765625
0 0.203125 0.2984375 0.06875 0.06875
0 0.3078125 0.36640625 0.065625 0.0671875
0 0.9421875 0.753125 0.084375 0.08125
0 0.45859375 0.63671875 0.0609375 0.0546875
0 0.93984375 0.2703125 0.0796875 0.08125
0 0.19375 0.96875 0.06875 0.0625
0 0.8296875 0.840625 0.09375 0.09375
0 0.41640625 0.15234375 0.0765625 0.0734375
0 0.21640625 0.08046875 0.0703125 0.0609375
0 0.690625 0.6578125 0.071875 0.075
0 0.415625 0.834375 0.071875 0.071875
0 0.81328125 0.6125 0.0921875 0.090625
0 0.62890625 0.94140625 0.0828125 0.0828125
0 0.97265625 0.53515625 0.0546875 0.0703125
0 0.51328125 0.4375 0.0640625 0.065625
0 0.97109375 0.6734375 0.0578125 0.06875
0 0.7421875 0.19609375 0.078125 0.0796875
0 0.6203125 0.525 0.08125 0.078125
0 0.6125 0.4421875 0.06875 0.06875
0 0.96484375 0.3390625 0.0703125 0.078125
0 0.84609375 0.0140625 0.0609375 0.028125
0 0.78515625 0.0171875 0.0765625 0.034375
0 0.8765625 0.4078125 0.075 0.065625
0 0.02734375 0.0109375 0.0546875 0.021875
0 0.14765625 0.23828125 0.0765625 0.0734375
0 0.38125 0.70703125 0.078125 0.0734375
0 0.88203125 0.06015625 0.0734375 0.0734375
0 0.7375 0.80390625 0.075 0.0734375
0 0.459375 0.42890625 0.0625 0.0609375
0 0.01171875 0.240625 0.0234375 0.053125
0 0.19921875 0.41328125 0.0609375 0.0609375
0 0.30390625 0.66796875 0.0703125 0.0703125
0 0.9828125 0.6125 0.034375 0.075
0 0.20234375 0.665625 0.0703125 0.071875
0 0.871875 0.70234375 0.08125 0.0828125
0 0.6984375 0.2484375 0.059375 0.05625
0 0.8875 0.22109375 0.078125 0.0765625
0 0.50703125 0.50859375 0.0671875 0.0640625
0 0.575 0.8140625 0.084375 0.075
0 0.1421875 0.7453125 0.0625 0.065625
0 0.09978070175438607 0.14021381578947376 0.056195175438596534 0.042489035087719305
0 0.12033991228070184 0.19024122807017552 0.05071271929824563 0.049342105263157875
0 0.19024122807017552 0.2094298245614036 0.03426535087719298 0.02741228070175441
0 0.2546600877192983 0.40816885964912286 0.04523026315789478 0.04660087719298241
0 0.3252467105263159 0.31222587719298256 0.0520833333333333 0.04934210526315792
0 0.3656798245614036 0.14226973684210537 0.037006578947368404 0.049342105263157895
0 0.43489583333333337 0.08059210526315798 0.054824561403508734 0.0712719298245614
0 0.3170230263157895 0.021655701754386057 0.041118421052631596 0.03289473684210526
0 0.5452302631578948 0.07305372807017553 0.04523026315789469 0.042489035087719285
0 0.6802357456140351 0.11348684210526325 0.049342105263157875 0.04660087719298246
0 0.7069627192982456 0.054550438596491314 0.03700657894736832 0.04111842105263158
0 0.7775493421052632 0.05797697368421062 0.05482456140350891 0.05071271929824561
0 0.8220942982456141 0.08813048245614044 0.06441885964912294 0.07538377192982457
0 0.8728070175438596 0.12856359649122817 0.06441885964912278 0.06304824561403508
0 0.9372258771929826 0.14501096491228077 0.0561951754385964 0.0575657894736842
0 0.8501918859649124 0.18338815789473692 0.07675438596491233 0.054824561403508776
0 0.9413377192982455 0.21011513157894743 0.03700657894736832 0.042489035087719305
0 0.876918859649123 0.3314144736842106 0.07264254385964915 0.06304824561403506
0 0.7974232456140351 0.3101699561403509 0.04523026315789487 0.05345394736842106
0 0.797423245614035 0.24232456140350883 0.03426535087719298 0.03015350877192984
0 0.7583607456140351 0.13336074561403516 0.05756578947368425 0.047971491228070165
0 0.7569901315789473 0.26288377192982465 0.04385964912280702 0.05208333333333335
0 0.671326754385965 0.3129111842105264 0.04523026315789469 0.037006578947368404
0 0.739172149122807 0.32113486842105265 0.04660087719298254 0.023300438596491224
0 0.7549342105263158 0.36842105263157904 0.061677631578947435 0.0575657894736842
0 0.6870888157894737 0.35540021929824567 0.049342105263157875 0.03426535087719298
0 0.7069627192982456 0.4088541666666667 0.0561951754385964 0.05071271929824554
0 0.5966282894736843 0.38349780701754393 0.049342105263157875 0.03289473684210527
0 0.6398026315789473 0.39994517543859653 0.05345394736842106 0.041118421052631596
0 0.666529605263158 0.47053179824561403 0.05208333333333339 0.05071271929824554
0 0.7323190789473684 0.4753289473684211 0.0630482456140351 0.035635964912280646
0 0.7720668859649124 0.4479166666666667 0.049342105263157875 0.049342105263157875
0 0.7987938596491228 0.49246162280701755 0.03974780701754384 0.04523026315789469
0 0.7494517543859649 0.524671052631579 0.0671600877192983 0.05756578947368425
0 0.8323739035087719 0.47464364035087725 0.04660087719298254 0.05619517543859649
0 0.9207785087719298 0.4780701754385965 0.056195175438596576 0.054824561403508734
0 0.9673793859649124 0.40268640350877194 0.061677631578947435 0.0520833333333333
0 0.9846217105263158 0.4593201754385966 0.027631578947368497 0.05296052631578947
0 0.9228344298245613 0.5493421052631579 0.054824561403508734 0.06030701754385959
0 0.8419682017543859 0.5479714912280702 0.05482456140350891 0.049342105263157965
0 0.9242050438596492 0.6953125 0.03837719298245616 0.028782894736842125
0 0.8234649122807017 0.6740679824561403 0.03152412280701764 0.024671052631578937
0 0.7467105263157895 0.6747532894736842 0.05345394736842106 0.05893640350877192
0 0.6864035087719299 0.5623629385964912 0.05345394736842106 0.04523026315789478
0 0.6685855263157896 0.7473958333333333 0.04797149122807021 0.04523026315789469
0 0.7254660087719298 0.7364309210526315 0.05756578947368425 0.05071271929824563
0 0.8042763157894737 0.7631578947368421 0.04797149122807021 0.06304824561403502
0 0.8652686403508772 0.7761787280701754 0.049342105263157875 0.05071271929824572
0 0.7638432017543859 0.885827850877193 0.06578947368421062 0.078125
0 0.7528782894736843 0.9502467105263157 0.05756578947368425 0.05071271929824554
0 0.7014802631578948 0.963952850877193 0.061677631578947435 0.04797149122807021
0 0.7827268366228071 0.9904468201754385 0.0679207785087721 0.01598135964912295
0 0.8995339912280702 0.924205043859649 0.06853070175438596 0.08360745614035085
0 0.943393640350877 0.8871984649122806 0.05208333333333339 0.05893640350877192
0 0.9825657894736842 0.8620382085020243 0.031743421052631504 0.041510627530364275
0 0.973547149122807 0.9331140350877192 0.041118421052631506 0.04385964912280702
0 0.6377467105263157 0.8255208333333333 0.06853070175438596 0.04523026315789469
0 0.6761239035087719 0.894736842105263 0.041118421052631506 0.04111842105263168
0 0.6103344298245614 0.8810307017543859 0.06030701754385959 0.054824561403508734
0 0.5486567982456141 0.9187225877192983 0.05208333333333339 0.028782894736841945
0 0.5479714912280702 0.9680646929824561 0.056195175438596576 0.0561951754385964
0 0.4938322368421053 0.7830317982456141 0.04385964912280693 0.037006578947368494
0 0.45545504385964913 0.7467105263157894 0.041118421052631596 0.035635964912280736
0 0.4938322368421053 0.7234100877192982 0.03289473684210522 0.035635964912280646
0 0.5335800438596492 0.7528782894736843 0.03289473684210513 0.037006578947368404
0 0.5822368421052632 0.7515076754385964 0.03974780701754384 0.04523026315789478
0 0.5616776315789473 0.553453947368421 0.05345394736842106 0.0520833333333333
0 0.5609923245614035 0.48012609649122806 0.05208333333333339 0.04797149122807021
0 0.4088541666666667 0.4581962719298246 0.049342105263157875 0.05345394736842106
0 0.4280427631578948 0.5335800438596492 0.05756578947368425 0.05345394736842106
0 0.34237938596491235 0.5705866228070176 0.061677631578947345 0.05345394736842106
0 0.2697368421052632 0.6069078947368421 0.05071271929824563 0.0520833333333333
0 0.3752741228070176 0.6425438596491228 0.0671600877192982 0.04385964912280702
0 0.20668859649122817 0.8289473684210525 0.04797149122807021 0.04660087719298254
0 0.24917763157894743 0.7521929824561403 0.03974780701754384 0.024671052631578937
0 0.2580866228070176 0.7974232456140351 0.04660087719298245 0.041118421052631596
0 0.15940241228070184 0.7837171052631579 0.035635964912280736 0.035635964912280736
0 0.19640899122807026 0.7419133771929823 0.07675438596491224 0.0671600877192982
0 0.09358781067251469 0.9863349780701753 0.0685809576023393 0.024205043859649146
0 0.38473135964912303 0.987705592105263 0.04769736842105292 0.021463815789473806
0 0.061403508771929904 0.6007401315789473 0.042489035087719305 0.042489035087719354
0 0.11828399122807025 0.5760690789473684 0.035635964912280736 0.03974780701754384
0 0.17105263157894743 0.5740131578947368 0.05893640350877192 0.06578947368421054
0 0.01391173245614039 0.5107437450159491 0.02782346491228078 0.054382226874003424
0 0.34443530701754393 0.4458607456140351 0.041118421052631506 0.03152412280701755
0 0.3519736842105264 0.48972039473684215 0.04523026315789469 0.04523026315789469